# Created by Octave 9.4.0, Thu Jun 19 09:30:17 2025 EDT <dank@schwarzgerat>
# name: d
# type: matrix
# rows: 1
# columns: 67
 0 0 7.2000000000000002 7.2000000000000002 7.2000000000000002 14.4 14.4 14.4 21.600000000000001 117.59999999999999 117.59999999999999 117.59999999999999 124.8 124.8 124.8 132 132 132 139.19999999999999 235.19999999999999 235.19999999999999 235.19999999999999 242.40000000000001 242.40000000000001 242.40000000000001 249.59999999999999 249.59999999999999 249.59999999999999 256.80000000000001 352.80000000000001 352.80000000000001 352.80000000000001 360 360 360 367.19999999999999 367.19999999999999 367.19999999999999 374.39999999999998 470.39999999999998 470.39999999999998 470.39999999999998 477.60000000000002 477.60000000000002 477.60000000000002 484.80000000000001 484.80000000000001 484.80000000000001 492 588 588 588 595.20000000000005 595.20000000000005 595.20000000000005 602.39999999999998 602.39999999999998 602.39999999999998 609.60000000000002 705.60000000000002 705.60000000000002 705.60000000000002 712.79999999999995 712.79999999999995 712.79999999999995 720 816


# name: e
# type: matrix
# rows: 1
# columns: 67
 0 0 14 14 14 28 28 28 42 2 2 2 16 16 16 30 30 30 44 4 4 4 18 18 18 32 32 32 46 6 6 6 20 20 20 34 34 34 48 8 8 8 22 22 22 36 36 36 50 10 10 10 24 24 24 38 38 38 52 12 12 12 26 26 26 40 0


# name: h
# type: scalar
1


# name: l
# type: scalar
-98.277213648298186


# name: x
# type: double_range
# base, limit, increment
1 67 1


